50000,794
50000,794
Elapsed Time ( Read Train and Test Data ): 2336.22
nbatch: 250
(0): 0
A0: (784,200)
dim: 50000,794
grid(49,13,1)
block(16,16,1)
(1): 200
A0: (784,200)
dim: 50000,794
grid(49,13,1)
block(16,16,1)
(2): 400
A0: (784,200)
dim: 50000,794
grid(49,13,1)
block(16,16,1)
(3): 600
A0: (784,200)
dim: 50000,794
grid(49,13,1)
block(16,16,1)
(4): 800
A0: (784,200)
dim: 50000,794
grid(49,13,1)
block(16,16,1)
(5): 1000
A0: (784,200)
dim: 50000,794
grid(49,13,1)
block(16,16,1)
(6): 1200
A0: (784,200)
dim: 50000,794
grid(49,13,1)
block(16,16,1)
(7): 1400
A0: (784,200)
dim: 50000,794
grid(49,13,1)
block(16,16,1)
(8): 1600
A0: (784,200)
dim: 50000,794
grid(49,13,1)
block(16,16,1)
(9): 1800
A0: (784,200)
dim: 50000,794
grid(49,13,1)
block(16,16,1)
(10): 2000
A0: (784,200)
dim: 50000,794
grid(49,13,1)
block(16,16,1)
(11): 2200
A0: (784,200)
dim: 50000,794
grid(49,13,1)
block(16,16,1)
(12): 2400
A0: (784,200)
dim: 50000,794
grid(49,13,1)
block(16,16,1)
(13): 2600
A0: (784,200)
dim: 50000,794
grid(49,13,1)
block(16,16,1)
(14): 2800
A0: (784,200)
dim: 50000,794
grid(49,13,1)
block(16,16,1)
(15): 3000
A0: (784,200)
dim: 50000,794
grid(49,13,1)
block(16,16,1)
(16): 3200
A0: (784,200)
dim: 50000,794
grid(49,13,1)
block(16,16,1)
(17): 3400
A0: (784,200)
dim: 50000,794
grid(49,13,1)
block(16,16,1)
(18): 3600
A0: (784,200)
dim: 50000,794
grid(49,13,1)
block(16,16,1)
(19): 3800
A0: (784,200)
dim: 50000,794
grid(49,13,1)
block(16,16,1)
(20): 4000
A0: (784,200)
dim: 50000,794
grid(49,13,1)
block(16,16,1)
(21): 4200
A0: (784,200)
dim: 50000,794
grid(49,13,1)
block(16,16,1)
(22): 4400
A0: (784,200)
dim: 50000,794
grid(49,13,1)
block(16,16,1)
(23): 4600
A0: (784,200)
dim: 50000,794
grid(49,13,1)
block(16,16,1)
(24): 4800
A0: (784,200)
dim: 50000,794
grid(49,13,1)
block(16,16,1)
(25): 5000
A0: (784,200)
dim: 50000,794
grid(49,13,1)
block(16,16,1)
(26): 5200
A0: (784,200)
dim: 50000,794
grid(49,13,1)
block(16,16,1)
(27): 5400
A0: (784,200)
dim: 50000,794
grid(49,13,1)
block(16,16,1)
(28): 5600
A0: (784,200)
dim: 50000,794
grid(49,13,1)
block(16,16,1)
(29): 5800
A0: (784,200)
dim: 50000,794
grid(49,13,1)
block(16,16,1)
(30): 6000
A0: (784,200)
dim: 50000,794
grid(49,13,1)
block(16,16,1)
(31): 6200
A0: (784,200)
dim: 50000,794
grid(49,13,1)
block(16,16,1)
(32): 6400
A0: (784,200)
dim: 50000,794
grid(49,13,1)
block(16,16,1)
(33): 6600
A0: (784,200)
dim: 50000,794
grid(49,13,1)
block(16,16,1)
(34): 6800
A0: (784,200)
dim: 50000,794
grid(49,13,1)
block(16,16,1)
(35): 7000
A0: (784,200)
dim: 50000,794
grid(49,13,1)
block(16,16,1)
(36): 7200
A0: (784,200)
dim: 50000,794
grid(49,13,1)
block(16,16,1)
(37): 7400
A0: (784,200)
dim: 50000,794
grid(49,13,1)
block(16,16,1)
(38): 7600
A0: (784,200)
dim: 50000,794
grid(49,13,1)
block(16,16,1)
(39): 7800
A0: (784,200)
dim: 50000,794
grid(49,13,1)
block(16,16,1)
(40): 8000
A0: (784,200)
dim: 50000,794
grid(49,13,1)
block(16,16,1)
(41): 8200
A0: (784,200)
dim: 50000,794
grid(49,13,1)
block(16,16,1)
(42): 8400
A0: (784,200)
dim: 50000,794
grid(49,13,1)
block(16,16,1)
(43): 8600
A0: (784,200)
dim: 50000,794
grid(49,13,1)
block(16,16,1)
(44): 8800
A0: (784,200)
dim: 50000,794
grid(49,13,1)
block(16,16,1)
(45): 9000
A0: (784,200)
dim: 50000,794
grid(49,13,1)
block(16,16,1)
(46): 9200
A0: (784,200)
dim: 50000,794
grid(49,13,1)
block(16,16,1)
(47): 9400
A0: (784,200)
dim: 50000,794
grid(49,13,1)
block(16,16,1)
(48): 9600
A0: (784,200)
dim: 50000,794
grid(49,13,1)
block(16,16,1)
(49): 9800
A0: (784,200)
dim: 50000,794
grid(49,13,1)
block(16,16,1)
(50): 10000
A0: (784,200)
dim: 50000,794
grid(49,13,1)
block(16,16,1)
(51): 10200
A0: (784,200)
dim: 50000,794
grid(49,13,1)
block(16,16,1)
(52): 10400
A0: (784,200)
dim: 50000,794
grid(49,13,1)
block(16,16,1)
(53): 10600
A0: (784,200)
dim: 50000,794
grid(49,13,1)
block(16,16,1)
(54): 10800
A0: (784,200)
dim: 50000,794
grid(49,13,1)
block(16,16,1)
(55): 11000
A0: (784,200)
dim: 50000,794
grid(49,13,1)
block(16,16,1)
(56): 11200
A0: (784,200)
dim: 50000,794
grid(49,13,1)
block(16,16,1)
(57): 11400
A0: (784,200)
dim: 50000,794
grid(49,13,1)
block(16,16,1)
(58): 11600
A0: (784,200)
dim: 50000,794
grid(49,13,1)
block(16,16,1)
(59): 11800
A0: (784,200)
dim: 50000,794
grid(49,13,1)
block(16,16,1)
(60): 12000
A0: (784,200)
dim: 50000,794
grid(49,13,1)
block(16,16,1)
(61): 12200
A0: (784,200)
dim: 50000,794
grid(49,13,1)
block(16,16,1)
(62): 12400
A0: (784,200)
dim: 50000,794
grid(49,13,1)
block(16,16,1)
(63): 12600
A0: (784,200)
dim: 50000,794
grid(49,13,1)
block(16,16,1)
(64): 12800
A0: (784,200)
dim: 50000,794
grid(49,13,1)
block(16,16,1)
(65): 13000
A0: (784,200)
dim: 50000,794
grid(49,13,1)
block(16,16,1)
(66): 13200
A0: (784,200)
dim: 50000,794
grid(49,13,1)
block(16,16,1)
(67): 13400
A0: (784,200)
dim: 50000,794
grid(49,13,1)
block(16,16,1)
(68): 13600
A0: (784,200)
dim: 50000,794
grid(49,13,1)
block(16,16,1)
(69): 13800
A0: (784,200)
dim: 50000,794
grid(49,13,1)
block(16,16,1)
(70): 14000
A0: (784,200)
dim: 50000,794
grid(49,13,1)
block(16,16,1)
(71): 14200
A0: (784,200)
dim: 50000,794
grid(49,13,1)
block(16,16,1)
(72): 14400
A0: (784,200)
dim: 50000,794
grid(49,13,1)
block(16,16,1)
(73): 14600
A0: (784,200)
dim: 50000,794
grid(49,13,1)
block(16,16,1)
(74): 14800
A0: (784,200)
dim: 50000,794
grid(49,13,1)
block(16,16,1)
(75): 15000
A0: (784,200)
dim: 50000,794
grid(49,13,1)
block(16,16,1)
(76): 15200
A0: (784,200)
dim: 50000,794
grid(49,13,1)
block(16,16,1)
(77): 15400
A0: (784,200)
dim: 50000,794
grid(49,13,1)
block(16,16,1)
(78): 15600
A0: (784,200)
dim: 50000,794
grid(49,13,1)
block(16,16,1)
(79): 15800
A0: (784,200)
dim: 50000,794
grid(49,13,1)
block(16,16,1)
(80): 16000
A0: (784,200)
dim: 50000,794
grid(49,13,1)
block(16,16,1)
(81): 16200
A0: (784,200)
dim: 50000,794
grid(49,13,1)
block(16,16,1)
(82): 16400
A0: (784,200)
dim: 50000,794
grid(49,13,1)
block(16,16,1)
(83): 16600
A0: (784,200)
dim: 50000,794
grid(49,13,1)
block(16,16,1)
(84): 16800
A0: (784,200)
dim: 50000,794
grid(49,13,1)
block(16,16,1)
(85): 17000
A0: (784,200)
dim: 50000,794
grid(49,13,1)
block(16,16,1)
(86): 17200
A0: (784,200)
dim: 50000,794
grid(49,13,1)
block(16,16,1)
(87): 17400
A0: (784,200)
dim: 50000,794
grid(49,13,1)
block(16,16,1)
(88): 17600
A0: (784,200)
dim: 50000,794
grid(49,13,1)
block(16,16,1)
(89): 17800
A0: (784,200)
dim: 50000,794
grid(49,13,1)
block(16,16,1)
(90): 18000
A0: (784,200)
dim: 50000,794
grid(49,13,1)
block(16,16,1)
(91): 18200
A0: (784,200)
dim: 50000,794
grid(49,13,1)
block(16,16,1)
(92): 18400
A0: (784,200)
dim: 50000,794
grid(49,13,1)
block(16,16,1)
(93): 18600
A0: (784,200)
dim: 50000,794
grid(49,13,1)
block(16,16,1)
(94): 18800
A0: (784,200)
dim: 50000,794
grid(49,13,1)
block(16,16,1)
(95): 19000
A0: (784,200)
dim: 50000,794
grid(49,13,1)
block(16,16,1)
(96): 19200
A0: (784,200)
dim: 50000,794
grid(49,13,1)
block(16,16,1)
(97): 19400
A0: (784,200)
dim: 50000,794
grid(49,13,1)
block(16,16,1)
(98): 19600
A0: (784,200)
dim: 50000,794
grid(49,13,1)
block(16,16,1)
(99): 19800
A0: (784,200)
dim: 50000,794
grid(49,13,1)
block(16,16,1)
(100): 20000
A0: (784,200)
dim: 50000,794
grid(49,13,1)
block(16,16,1)
(101): 20200
A0: (784,200)
dim: 50000,794
grid(49,13,1)
block(16,16,1)
(102): 20400
A0: (784,200)
dim: 50000,794
grid(49,13,1)
block(16,16,1)
(103): 20600
A0: (784,200)
dim: 50000,794
grid(49,13,1)
block(16,16,1)
(104): 20800
A0: (784,200)
dim: 50000,794
grid(49,13,1)
block(16,16,1)
(105): 21000
A0: (784,200)
dim: 50000,794
grid(49,13,1)
block(16,16,1)
(106): 21200
A0: (784,200)
dim: 50000,794
grid(49,13,1)
block(16,16,1)
(107): 21400
A0: (784,200)
dim: 50000,794
grid(49,13,1)
block(16,16,1)
(108): 21600
A0: (784,200)
dim: 50000,794
grid(49,13,1)
block(16,16,1)
(109): 21800
A0: (784,200)
dim: 50000,794
grid(49,13,1)
block(16,16,1)
(110): 22000
A0: (784,200)
dim: 50000,794
grid(49,13,1)
block(16,16,1)
(111): 22200
A0: (784,200)
dim: 50000,794
grid(49,13,1)
block(16,16,1)
(112): 22400
A0: (784,200)
dim: 50000,794
grid(49,13,1)
block(16,16,1)
(113): 22600
A0: (784,200)
dim: 50000,794
grid(49,13,1)
block(16,16,1)
(114): 22800
A0: (784,200)
dim: 50000,794
grid(49,13,1)
block(16,16,1)
(115): 23000
A0: (784,200)
dim: 50000,794
grid(49,13,1)
block(16,16,1)
(116): 23200
A0: (784,200)
dim: 50000,794
grid(49,13,1)
block(16,16,1)
(117): 23400
A0: (784,200)
dim: 50000,794
grid(49,13,1)
block(16,16,1)
(118): 23600
A0: (784,200)
dim: 50000,794
grid(49,13,1)
block(16,16,1)
(119): 23800
A0: (784,200)
dim: 50000,794
grid(49,13,1)
block(16,16,1)
(120): 24000
A0: (784,200)
dim: 50000,794
grid(49,13,1)
block(16,16,1)
(121): 24200
A0: (784,200)
dim: 50000,794
grid(49,13,1)
block(16,16,1)
(122): 24400
A0: (784,200)
dim: 50000,794
grid(49,13,1)
block(16,16,1)
(123): 24600
A0: (784,200)
dim: 50000,794
grid(49,13,1)
block(16,16,1)
(124): 24800
A0: (784,200)
dim: 50000,794
grid(49,13,1)
block(16,16,1)
(125): 25000
A0: (784,200)
dim: 50000,794
grid(49,13,1)
block(16,16,1)
(126): 25200
A0: (784,200)
dim: 50000,794
grid(49,13,1)
block(16,16,1)
(127): 25400
A0: (784,200)
dim: 50000,794
grid(49,13,1)
block(16,16,1)
(128): 25600
A0: (784,200)
dim: 50000,794
grid(49,13,1)
block(16,16,1)
(129): 25800
A0: (784,200)
dim: 50000,794
grid(49,13,1)
block(16,16,1)
(130): 26000
A0: (784,200)
dim: 50000,794
grid(49,13,1)
block(16,16,1)
(131): 26200
A0: (784,200)
dim: 50000,794
grid(49,13,1)
block(16,16,1)
(132): 26400
A0: (784,200)
dim: 50000,794
grid(49,13,1)
block(16,16,1)
(133): 26600
A0: (784,200)
dim: 50000,794
grid(49,13,1)
block(16,16,1)
(134): 26800
A0: (784,200)
dim: 50000,794
grid(49,13,1)
block(16,16,1)
(135): 27000
A0: (784,200)
dim: 50000,794
grid(49,13,1)
block(16,16,1)
(136): 27200
A0: (784,200)
dim: 50000,794
grid(49,13,1)
block(16,16,1)
(137): 27400
A0: (784,200)
dim: 50000,794
grid(49,13,1)
block(16,16,1)
(138): 27600
A0: (784,200)
dim: 50000,794
grid(49,13,1)
block(16,16,1)
(139): 27800
A0: (784,200)
dim: 50000,794
grid(49,13,1)
block(16,16,1)
(140): 28000
A0: (784,200)
dim: 50000,794
grid(49,13,1)
block(16,16,1)
(141): 28200
A0: (784,200)
dim: 50000,794
grid(49,13,1)
block(16,16,1)
(142): 28400
A0: (784,200)
dim: 50000,794
grid(49,13,1)
block(16,16,1)
(143): 28600
A0: (784,200)
dim: 50000,794
grid(49,13,1)
block(16,16,1)
(144): 28800
A0: (784,200)
dim: 50000,794
grid(49,13,1)
block(16,16,1)
(145): 29000
A0: (784,200)
dim: 50000,794
grid(49,13,1)
block(16,16,1)
(146): 29200
A0: (784,200)
dim: 50000,794
grid(49,13,1)
block(16,16,1)
(147): 29400
A0: (784,200)
dim: 50000,794
grid(49,13,1)
block(16,16,1)
(148): 29600
A0: (784,200)
dim: 50000,794
grid(49,13,1)
block(16,16,1)
(149): 29800
A0: (784,200)
dim: 50000,794
grid(49,13,1)
block(16,16,1)
(150): 30000
A0: (784,200)
dim: 50000,794
grid(49,13,1)
block(16,16,1)
(151): 30200
A0: (784,200)
dim: 50000,794
grid(49,13,1)
block(16,16,1)
(152): 30400
A0: (784,200)
dim: 50000,794
grid(49,13,1)
block(16,16,1)
(153): 30600
A0: (784,200)
dim: 50000,794
grid(49,13,1)
block(16,16,1)
(154): 30800
A0: (784,200)
dim: 50000,794
grid(49,13,1)
block(16,16,1)
(155): 31000
A0: (784,200)
dim: 50000,794
grid(49,13,1)
block(16,16,1)
(156): 31200
A0: (784,200)
dim: 50000,794
grid(49,13,1)
block(16,16,1)
(157): 31400
A0: (784,200)
dim: 50000,794
grid(49,13,1)
block(16,16,1)
(158): 31600
A0: (784,200)
dim: 50000,794
grid(49,13,1)
block(16,16,1)
(159): 31800
A0: (784,200)
dim: 50000,794
grid(49,13,1)
block(16,16,1)
(160): 32000
A0: (784,200)
dim: 50000,794
grid(49,13,1)
block(16,16,1)
(161): 32200
A0: (784,200)
dim: 50000,794
grid(49,13,1)
block(16,16,1)
(162): 32400
A0: (784,200)
dim: 50000,794
grid(49,13,1)
block(16,16,1)
(163): 32600
A0: (784,200)
dim: 50000,794
grid(49,13,1)
block(16,16,1)
(164): 32800
A0: (784,200)
dim: 50000,794
grid(49,13,1)
block(16,16,1)
(165): 33000
A0: (784,200)
dim: 50000,794
grid(49,13,1)
block(16,16,1)
(166): 33200
A0: (784,200)
dim: 50000,794
grid(49,13,1)
block(16,16,1)
(167): 33400
A0: (784,200)
dim: 50000,794
grid(49,13,1)
block(16,16,1)
(168): 33600
A0: (784,200)
dim: 50000,794
grid(49,13,1)
block(16,16,1)
(169): 33800
A0: (784,200)
dim: 50000,794
grid(49,13,1)
block(16,16,1)
(170): 34000
A0: (784,200)
dim: 50000,794
grid(49,13,1)
block(16,16,1)
(171): 34200
A0: (784,200)
dim: 50000,794
grid(49,13,1)
block(16,16,1)
(172): 34400
A0: (784,200)
dim: 50000,794
grid(49,13,1)
block(16,16,1)
(173): 34600
A0: (784,200)
dim: 50000,794
grid(49,13,1)
block(16,16,1)
(174): 34800
A0: (784,200)
dim: 50000,794
grid(49,13,1)
block(16,16,1)
(175): 35000
A0: (784,200)
dim: 50000,794
grid(49,13,1)
block(16,16,1)
(176): 35200
A0: (784,200)
dim: 50000,794
grid(49,13,1)
block(16,16,1)
(177): 35400
A0: (784,200)
dim: 50000,794
grid(49,13,1)
block(16,16,1)
(178): 35600
A0: (784,200)
dim: 50000,794
grid(49,13,1)
block(16,16,1)
(179): 35800
A0: (784,200)
dim: 50000,794
grid(49,13,1)
block(16,16,1)
(180): 36000
A0: (784,200)
dim: 50000,794
grid(49,13,1)
block(16,16,1)
(181): 36200
A0: (784,200)
dim: 50000,794
grid(49,13,1)
block(16,16,1)
(182): 36400
A0: (784,200)
dim: 50000,794
grid(49,13,1)
block(16,16,1)
(183): 36600
A0: (784,200)
dim: 50000,794
grid(49,13,1)
block(16,16,1)
(184): 36800
A0: (784,200)
dim: 50000,794
grid(49,13,1)
block(16,16,1)
(185): 37000
A0: (784,200)
dim: 50000,794
grid(49,13,1)
block(16,16,1)
(186): 37200
A0: (784,200)
dim: 50000,794
grid(49,13,1)
block(16,16,1)
(187): 37400
A0: (784,200)
dim: 50000,794
grid(49,13,1)
block(16,16,1)
(188): 37600
A0: (784,200)
dim: 50000,794
grid(49,13,1)
block(16,16,1)
(189): 37800
A0: (784,200)
dim: 50000,794
grid(49,13,1)
block(16,16,1)
(190): 38000
A0: (784,200)
dim: 50000,794
grid(49,13,1)
block(16,16,1)
(191): 38200
A0: (784,200)
dim: 50000,794
grid(49,13,1)
block(16,16,1)
(192): 38400
A0: (784,200)
dim: 50000,794
grid(49,13,1)
block(16,16,1)
(193): 38600
A0: (784,200)
dim: 50000,794
grid(49,13,1)
block(16,16,1)
(194): 38800
A0: (784,200)
dim: 50000,794
grid(49,13,1)
block(16,16,1)
(195): 39000
A0: (784,200)
dim: 50000,794
grid(49,13,1)
block(16,16,1)
(196): 39200
A0: (784,200)
dim: 50000,794
grid(49,13,1)
block(16,16,1)
(197): 39400
A0: (784,200)
dim: 50000,794
grid(49,13,1)
block(16,16,1)
(198): 39600
A0: (784,200)
dim: 50000,794
grid(49,13,1)
block(16,16,1)
(199): 39800
A0: (784,200)
dim: 50000,794
grid(49,13,1)
block(16,16,1)
(200): 40000
A0: (784,200)
dim: 50000,794
grid(49,13,1)
block(16,16,1)
(201): 40200
A0: (784,200)
dim: 50000,794
grid(49,13,1)
block(16,16,1)
(202): 40400
A0: (784,200)
dim: 50000,794
grid(49,13,1)
block(16,16,1)
(203): 40600
A0: (784,200)
dim: 50000,794
grid(49,13,1)
block(16,16,1)
(204): 40800
A0: (784,200)
dim: 50000,794
grid(49,13,1)
block(16,16,1)
(205): 41000
A0: (784,200)
dim: 50000,794
grid(49,13,1)
block(16,16,1)
(206): 41200
A0: (784,200)
dim: 50000,794
grid(49,13,1)
block(16,16,1)
(207): 41400
A0: (784,200)
dim: 50000,794
grid(49,13,1)
block(16,16,1)
(208): 41600
A0: (784,200)
dim: 50000,794
grid(49,13,1)
block(16,16,1)
(209): 41800
A0: (784,200)
dim: 50000,794
grid(49,13,1)
block(16,16,1)
(210): 42000
A0: (784,200)
dim: 50000,794
grid(49,13,1)
block(16,16,1)
(211): 42200
A0: (784,200)
dim: 50000,794
grid(49,13,1)
block(16,16,1)
(212): 42400
A0: (784,200)
dim: 50000,794
grid(49,13,1)
block(16,16,1)
(213): 42600
A0: (784,200)
dim: 50000,794
grid(49,13,1)
block(16,16,1)
(214): 42800
A0: (784,200)
dim: 50000,794
grid(49,13,1)
block(16,16,1)
(215): 43000
A0: (784,200)
dim: 50000,794
grid(49,13,1)
block(16,16,1)
(216): 43200
A0: (784,200)
dim: 50000,794
grid(49,13,1)
block(16,16,1)
(217): 43400
A0: (784,200)
dim: 50000,794
grid(49,13,1)
block(16,16,1)
(218): 43600
A0: (784,200)
dim: 50000,794
grid(49,13,1)
block(16,16,1)
(219): 43800
A0: (784,200)
dim: 50000,794
grid(49,13,1)
block(16,16,1)
(220): 44000
A0: (784,200)
dim: 50000,794
grid(49,13,1)
block(16,16,1)
(221): 44200
A0: (784,200)
dim: 50000,794
grid(49,13,1)
block(16,16,1)
(222): 44400
A0: (784,200)
dim: 50000,794
grid(49,13,1)
block(16,16,1)
(223): 44600
A0: (784,200)
dim: 50000,794
grid(49,13,1)
block(16,16,1)
(224): 44800
A0: (784,200)
dim: 50000,794
grid(49,13,1)
block(16,16,1)
(225): 45000
A0: (784,200)
dim: 50000,794
grid(49,13,1)
block(16,16,1)
(226): 45200
A0: (784,200)
dim: 50000,794
grid(49,13,1)
block(16,16,1)
(227): 45400
A0: (784,200)
dim: 50000,794
grid(49,13,1)
block(16,16,1)
(228): 45600
A0: (784,200)
dim: 50000,794
grid(49,13,1)
block(16,16,1)
(229): 45800
A0: (784,200)
dim: 50000,794
grid(49,13,1)
block(16,16,1)
(230): 46000
A0: (784,200)
dim: 50000,794
grid(49,13,1)
block(16,16,1)
(231): 46200
A0: (784,200)
dim: 50000,794
grid(49,13,1)
block(16,16,1)
(232): 46400
A0: (784,200)
dim: 50000,794
grid(49,13,1)
block(16,16,1)
(233): 46600
A0: (784,200)
dim: 50000,794
grid(49,13,1)
block(16,16,1)
(234): 46800
A0: (784,200)
dim: 50000,794
grid(49,13,1)
block(16,16,1)
(235): 47000
A0: (784,200)
dim: 50000,794
grid(49,13,1)
block(16,16,1)
(236): 47200
A0: (784,200)
dim: 50000,794
grid(49,13,1)
block(16,16,1)
(237): 47400
A0: (784,200)
dim: 50000,794
grid(49,13,1)
block(16,16,1)
(238): 47600
A0: (784,200)
dim: 50000,794
grid(49,13,1)
block(16,16,1)
(239): 47800
A0: (784,200)
dim: 50000,794
grid(49,13,1)
block(16,16,1)
(240): 48000
A0: (784,200)
dim: 50000,794
grid(49,13,1)
block(16,16,1)
(241): 48200
A0: (784,200)
dim: 50000,794
grid(49,13,1)
block(16,16,1)
(242): 48400
A0: (784,200)
dim: 50000,794
grid(49,13,1)
block(16,16,1)
(243): 48600
A0: (784,200)
dim: 50000,794
grid(49,13,1)
block(16,16,1)
(244): 48800
A0: (784,200)
dim: 50000,794
grid(49,13,1)
block(16,16,1)
(245): 49000
A0: (784,200)
dim: 50000,794
grid(49,13,1)
block(16,16,1)
(246): 49200
A0: (784,200)
dim: 50000,794
grid(49,13,1)
block(16,16,1)
(247): 49400
A0: (784,200)
dim: 50000,794
grid(49,13,1)
block(16,16,1)
(248): 49600
A0: (784,200)
dim: 50000,794
grid(49,13,1)
block(16,16,1)
(249): 49800
A0: (784,200)
dim: 50000,794
grid(49,13,1)
block(16,16,1)
